63 98 25
63 116 27
63 93 28
63 97 29
63 34 29
63 73 3
63 125 21
63 104 8
98 53 26
98 104 24
98 34 17
98 116 4
98 97 14
98 63 16
98 125 17
116 125 8
116 34 14
116 93 15
116 63 9
116 97 2
116 53 25
116 73 12
93 98 27
93 97 18
93 104 21
93 116 5
93 63 9
93 73 13
93 53 25
97 53 3
97 98 11
97 125 11
97 73 12
97 104 19
97 34 4
34 97 29
34 73 11
34 98 12
34 125 4
34 63 9
34 93 7
73 34 1
73 98 6
73 63 21
73 116 3
73 104 29
73 125 27
73 97 7
125 73 7
125 104 9
125 93 9
125 97 20
125 98 6
125 116 13
125 63 14
125 53 10
125 34 20
104 73 17
104 97 19
104 53 22
104 98 17
104 63 26
104 116 30
104 125 6
53 125 22
53 63 23
53 34 2
53 93 16
53 98 13
53 104 21
63 98 25
63 116 27
63 93 28
63 97 29
63 34 29
63 73 3
63 125 21
63 104 8
98 53 26
98 104 24
98 34 17
98 116 4
98 97 14
98 63 16
98 125 17
116 125 8
116 34 14
116 93 15
116 63 9
116 97 2
116 53 25
116 73 12
93 98 27
93 97 18
93 104 21
93 116 5
93 63 9
93 73 13
93 53 25
97 53 3
97 98 11
97 125 11
97 73 12
97 104 19
97 34 4
34 97 29
34 73 11
34 98 12
34 125 4
34 63 9
34 93 7
73 34 1
73 98 6
73 63 21
73 116 3
73 104 29
73 125 27
73 97 7
125 73 7
125 104 9
125 93 9
125 97 20
125 98 6
125 116 13
125 63 14
125 53 10
125 34 20
104 73 17
104 97 19
104 53 22
104 98 17
104 63 26
104 116 30
104 125 6
53 125 22
53 63 23
53 34 2
53 93 16
53 98 13
53 104 21